$ANSIBLE_VAULT;1.1;AES256
30663536643834643561343231353265313337396635656366323938313763313335643564363962
6438646135656331396466326336646235383061333163370a623762326639663762613534313066
30613764336364623635636566383230343235653330396334353139613538356564353433613934
3364643561656364660a616232393234313433323630613865393832363330306132393962343435
63393838653438326664643139333263353135626333323063356266363263303634366335356130
63613065613532393164616139393466323431636632323037653330313839303137313435346637
35656463353162616134306162623336633538363936303934383462653963373439346235633333
62363631653031333738373139666339303332396531633231383565396332666164383462623764
63346265393164393366626239356336343130333733353936333964656437366333306631373661
38326164363831303939353137646132356632653838396263613436366233363065353336383538
64343364663565366332303131633463646437636161643964643830663330386561343365646335
30643135653766333637663334623364343564646531326162393463393863323962616466656333
61636661633037326332653064396136376664663932626238613232623737343236343937363165
33613436333730366163363433383666323363353235663765653434663264383562653632343936
32303866363735303034333034376534616630346638383763303166376632323933666630653134
32386338306532383833643832376266636538323266313166363166363066383866303433313336
35653862333239663866666134663961643164353737663035663830353231346134323934333762
63373133363661386332303835613865303361626336346565323038343136653936636136623339
66613536393239306137326334336561633562396662393238643863646262613964626231366563
33303739303965353262626537643234373065646436663739653739643232393137653436613138
66316662623963653632323463626231643165306433386639306634393938396332306333393430
38306566666439623133356131653832633934303532303166343238653338343661636564393764
66306662333165393438313465306637383131393766646564663864666337373461656639613165
37323234383266613363366139373266333966633961663038363139656134653035643564633132
37396566326331613534663163313937623361376237386162366665316565336261626163636239
35626637346636636330636166636564613564303364373937376365386263333164373165653662
38303939303034636661393363336362663636333038303462343363616536396138373462326538
31336133313462373462373334633437653663623939613234326533656535613961323763386532
36303136366632313138643265643465653562616561326436626462316262386138333461343033
30623735623761343962383630663438646462303232323362323635326235666664663263383563
30616231326663376636383038363830313361643530323134336531373636626663383161303937
37653361656539383432626538356531343831373361623237393861363466373137373535653931
31646639376437616464313466613032653332393833363861366133626533303234663937663766
34643565613233613130383234303964646331326536666333313365316239333931306239663361
61343335306161643137313133353239346137653035363031323333383866663963316638383762
32376632373933663036373733303435643363383633333130326564653832373532666337303265
64356634343963363661353230316430363737643966626432323835363933316239623336343262
32386337306338626237643265343639633334636333393364616238383433366638643032633832
63396361303233343664373331353066633033353138636535323030636264343061393536386233
35313631663838303261633231353764623337633738353963353232663966626332396366363032
35333861343764653562313734666335356131353335343365636166636633333435303331373865
36363262613261656134373931633166353932363338343434656138363435303038373137666561
33393462626434626235343530356435393834306238353532356661323965616361663366613634
34653563653933373731343538376364383338643863363662323934653864616564663532656239
37643130363966363164646266356330353133313463333033386133366166626665643865353733
35383362383030663135303663663138303938396339323334643839623464306639323236636432
62326464313562326633623363306365326135363037393339373635343231313538643533313837
36326133373735633465393730633439343264326134616638363935333636316437353634316432
66356138633839656332633866373966303139626161316636363966306366373834343036343166
66646231316636303632633933623335336530393030303363323530626236326164303935316432
66613765336466656566653338366337363238333434363562373064663735333331363537396235
66313636623835326231353262663861383037396533343565313061616638396436363461333833
64613064306536663462633334336361376438356634333862636565393533313633366331313562
63316666393837313661633530343132383166303038383461306337623736343837646532663764
35393663353263356363393963373338326632343766303532343139373562336364356534653238
35653164306131373866323134656132633962303339313538626366633231343963323935663966
61613933363338623130633939656564643335653634353239323061653036323231613036376133
38623530386339326566326462333439616438653634613034653962363339323638633632383732
35356331303466356130313461326634303339653536333930326232643938343938343264316534
62653132396435306338323538393035303063653866623334313031323332343435373739333763
38383337373764353862373736373264613763653935653364363431343934343762373834386132
32383966666331353231353337336330363266343861393931393964393534353332616537393866
31656464393136306230626133333336663935616630323365356437396637643666623564656330
63626433343035663236633065303563316139386130663733396661356661663232646562353531
64393339326436343863666462356361306336636233346238656161616462653536373362323066
39333162376630366537333534623539393265376461383531643464363935346130323838373633
30363432633666383665326261376239346533613964323065353436623364376565656137616566
65643431666235353963336332626534643131333864386330353432626562666564323539333965
38613730356666643866636438343138326536626132383761366335326436376263356664333532
39386537613163333237346232313361616562613932633739373664313862333339323233646438
36633163303837363563366136353038393063646139623966323936343765323064633938323864
35346231323037313961636163363232613364623566346566393930303638353637613666393936
32616365663637633531356466373532346633306530326436663163393236393832353561373930
30363232616138333039643761386466636230376637623365326331646433366438636432306362
33663462323764393634653830323038663465623836623664646366383962376439373461303064
30623933303637306464353966386430366530653839353536633439363761623266383335373234
66613564633463386362393635323635653630663532656637333964346231316265326135373736
36386162623764346137383434643761363833363230653432633661656634383739386132396232
31646465343835316263363865646338653934356332393930353735636632333933316538306439
66313865643163656131343365373234663262376363656565666336393065363464666133346435
64326332626265396164633939366565366533313165613030646235393036366464623265613037
31613764633831346539313439643239306637326662366164643739623031366539666664393530
61636530316565313134666362656536363135396263396163373030613861346661356435353265
38643338633630353566363934303861386665316335323566333265356336373234616431363336
39653863313266653830623664613464376630363538633330313862333138386637333230303032
33313332646634373664316465366536623264323730306434363839383563653635323838663838
66336263626237663635316536366166346663306163396232386463643165643031663563653531
65376535373936313335336230313866383531636161636261623836646262366461376661343164
38653562306437383135616633306438643661363332386638393039306237373636666634643563
36343338396261393338626234343630356637316130636437313838636166323662383337643265
66613934646363663965333538383433396231386537633030343735303931626130303335623339
32363263313561363433373139666461316462373762333663313537306166383630616535623134
36353634353434313461613838346433356636626236323731313162323966313163376265346333
62356465656130616639326261346331636430656166353030636365386332663233623563313831
65306661616335353563356335366466383235633366653666666162353235383335343233653432
30323736356164343831636363326262366664396565393031303564633135623765316136353631
37363365316633613966393131643361333365636664633464646639396339633561393466313635
30616432666237313637366263663031323136383033336637626431633038303165393765346363
36663462306366666364333333646164653236646537313461336137623866633837383165656536
33653563363963383336386439336363323332363033653839303930303837313032383164346133
32626330376662306263643766363532636330326136303563396665626638386137363437323165
33653738633262313066646162366563646430363665303438333965373634336166616632653864
62633066646137343634366561613932613263376662666463343738396433323136653663386334
65333966613031313363353838386538376332343337336665636334383064393665303932343234
38383261616166303431636164366263343137323536306134643161313761623761326338363966
66333138623262383935313236383532366364656235343036373864366636366165326338313834
35626539363037633136303162383633343462633536656262663865386334373931393063373764
62373437346435366435653139353830326332383736633033303535316136623962636232613964
61616635303237353462613461313262396434336162643137376437643638313634656166666330
36633234323362643866643562663239366634663636363934333065376232383764313538373238
64313162393132356330613963393932356664323735353261336534646662326662366538633061
36653135326138383937316437373934333161633731373364326238316639306531353338643936
38383131353338343862373338383536313064313061303066333032656463616330623165643235
37396265366330313538663230396431343235376563616133623363346133633630643839613831
39653334613166333465656632383037303335303431306335633461393862366435663234666266
35366663366331393364303033323436316536653030623833656165313937373135643934343831
38376166303666633134383831396231663165633161663166663731363839666164366261373065
38326435313365636636313534386232653365366461393131383138356462376365313331333739
31303131343433393031613836326636666439646665383936646331353462373865383333646336
39396137396336313333666164636531396138306365636164346165376335653137333966393633
35646534383837323130643438616436626133373136626465383033383833343662353464356536
36663030633264383430373231373861333633636366363862343235633034366339306433643431
33356630646636626534393463666137613531346231333034383963393165393864636438633763
64663632613533376430356539393630396538633635383139656633613764306564343139316466
66336638623465323032656366656534626532316430646533323730383464616533356662383465
61373766633434383434643930313361303362363364356435613936383265343737323532376434
63303934313331646362376162343833663033393130613034663131663930353432363364616636
37363632633730636530306364666634613730666431356166666466653432373966396636373438
34626263353136383137643334376532313132343538656131363730353663306338623161303239
64333665313361633836613535303834656335653232313963626332333037666430323832623733
66633932316339633232376562653265623261643864363538313037623836323331323430376464
32633666613432363639373762643830653231306233336431343237663632393365633334626333
64626132613332313364613637346433653937306336643933343537646239343039356333343436
32303430653137363731663635346338653538313834666139383061303832363264643031306362
34333038343337343535653166366563373264353034373734353331643731326261393062656530
63306131363337333762323531383336313932306661343438396531396562346532643931393539
32376566306130356239393866336530373564393332343038363339356436366661316236353833
36646436343161333162633164343263326530346661626334653564303236316137666237376235
64646665656361333063306362383566346262346131396539653936356237346234326136323537
39653064363431636665396465333631616563316539333538386265653531353035356231323530
3437
